w = 2 * pi *50;
Ts = 1/2000;
m = 0.70;